16600028063
16600031611
16600033665
16600037638
16600043980
16600063245
16600096669
16600105692
16600108665
16600122253
16600122680
16600133842
16600135992
16600152232
16600153747
16600174980
16600190421
16600198937
16600202826
16600214788
16600227680
16600252105
16600263312
16600267707
16600277786
16600313634
16600320738
16600338217
16600376447
16600403600
16600410510
16600412252
16600417487
16600418482
16600425345
16600428303
16600453590
16600473627
16600481599
16600517099
16600523643
16600572651
16600584756
16600584949
16600599671
16600601659
16600605130
16600624276
16600647276
16600658540
16600660105
16600660577
16600683582
16600708991
16600708993
16600715265
16600717097
16600721188
16600733288
16600749014
16600757265
16600770841
16600772495
16600786047
16600802302
16600802323
16600805423
16600820446
16600839099
16600866957
16600885411
16600895739
16600917645
16600926314
16600930846
16600939219
16600952516
16600956573
16600970634
16600974673
16600985823
16601009278
16601023972
16601039092
16601039478
16601048815
16601068301
16601101319
16601107233
16601122006
16601130732
16601134541
16601141522
16601145460
16601156690
16601161285
16601181757
16601190800
16601201503
16601227114
16601233612
16601236906
16601249141
16601254485
16601258707
16601266596
16601277684
16601281005
16601285003
16601290731
16601320304
16601342173
16601369388
16601380411
16601381625
16601382923
16601384126
16601396930
16601399355
16601408047
16601412486
16601431548
16601434533
16601440167
16601440713
16601445431
16601451137
16601451373
16601452457
16601462907
16601468523
16601471740
16601473405
16601478588
16601487524
16601488120
16601491171
16601492755
16601496766
16601520811
16601524142
16601524535
16601526474
16601543670
16601545889
16601555687
16601557758
16601559586
16601562417
16601582465
16601588637
16601595168
16601632233
16601635894
16601638541
16601655423
16601668518
16601682986
16601684030
16601686845
16601692546
16601707423
16601711807
16601727553
16601763413
16601781062
16601782364
16601784335
16601785707
16601791810
16601825204
16601848580
16601851234
16601870268
16601871088
16601873238
16601913301
16601931713
16601941400
16601947229
16601954029
16601959984
16601974328
16601976779
16602004607
16602005992
16602024323
16602031131
16602057068
16602078676
16602091142
16602094133
16602113265
16602114749
16602118930
16602127617
16602128175
16602128655
16602134731
16602134764
